 0.00000E+00  1.99800E+03  0.00000E+00
 0.00000E+00  1.99800E+03  0.00000E+00
 0.00000E+00  2.98000E+02  0.00000E+00
 9.41412E-08  2.98000E+02  0.00000E+00
 2.31626E-07  2.98000E+02  0.00000E+00
 4.13713E-07  2.98000E+02  0.00000E+00
 6.44200E-07  2.98000E+02  0.00000E+00
 9.18360E-07  2.98000E+02  0.00000E+00
 1.21734E-06  2.98000E+02  0.00000E+00
 1.58709E-06  2.98000E+02  0.00000E+00
 1.97929E-06  2.98000E+02  0.00000E+00
 2.42827E-06  2.98000E+02  0.00000E+00
 2.86919E-06  2.98000E+02  0.00000E+00
 3.33822E-06  2.98000E+02  0.00000E+00
 3.85356E-06  2.98000E+02  0.00000E+00
 4.34943E-06  2.98000E+02  0.00000E+00
 4.87442E-06  2.98000E+02  0.00000E+00
 5.45312E-06  2.98000E+02  0.00000E+00
 6.05745E-06  2.98000E+02  0.00000E+00
 6.69199E-06  2.98000E+02  0.00000E+00
 7.37635E-06  2.98000E+02  0.00000E+00
 8.43689E-06  2.98000E+02  0.00000E+00
 9.88940E-06  2.98000E+02  0.00000E+00
 1.13694E-05  2.98000E+02  0.00000E+00
 1.28820E-05  2.98000E+02  0.00000E+00
 1.44039E-05  2.98000E+02  0.00000E+00
 1.59443E-05  2.98000E+02  0.00000E+00
 1.74988E-05  2.98000E+02  0.00000E+00
 1.90800E-05  2.98000E+02  0.00000E+00
 2.06878E-05  2.98000E+02  0.00000E+00
 2.23331E-05  2.98000E+02  0.00000E+00
 2.40171E-05  2.98000E+02  0.00000E+00
 2.57493E-05  2.98000E+02  0.00000E+00
 2.75332E-05  2.98000E+02  0.00000E+00
 2.93740E-05  2.98000E+02  0.00000E+00
 3.12776E-05  2.98000E+02  0.00000E+00
 3.32500E-05  2.98000E+02  0.00000E+00
 3.52982E-05  2.98000E+02  0.00000E+00
 3.74216E-05  2.98000E+02  0.00000E+00
 3.95876E-05  2.98000E+02  0.00000E+00
 4.17356E-05  2.98000E+02  0.00000E+00
 4.38838E-05  2.98000E+02  0.00000E+00
 4.60404E-05  2.98000E+02  0.00000E+00
 4.82611E-05  2.98000E+02  0.00000E+00
 5.05369E-05  2.98000E+02  0.00000E+00
 5.29049E-05  2.98000E+02  0.00000E+00
 5.53764E-05  2.98000E+02  0.00000E+00
 5.79686E-05  2.98000E+02  0.00000E+00
 6.06693E-05  2.98000E+02  0.00000E+00
 6.34938E-05  2.98000E+02  0.00000E+00
 6.64651E-05  2.98000E+02  0.00000E+00
 6.96241E-05  2.98000E+02  0.00000E+00
 7.29912E-05  2.98000E+02  0.00000E+00
 7.66003E-05  2.98000E+02  0.00000E+00
 8.04353E-05  2.98000E+02  0.00000E+00
 8.45053E-05  2.98000E+02  0.00000E+00
 8.88333E-05  2.98000E+02  0.00000E+00
 9.34229E-05  2.98000E+02  0.00000E+00
 9.82933E-05  2.98000E+02  0.00000E+00
 1.03498E-04  2.98000E+02  0.00000E+00
 1.08988E-04  2.98000E+02  0.00000E+00
 1.14795E-04  2.98000E+02  0.00000E+00
 1.21002E-04  2.98000E+02  0.00000E+00
 1.27640E-04  2.98000E+02  0.00000E+00
 1.34762E-04  2.98000E+02  0.00000E+00
 1.42454E-04  2.98000E+02  0.00000E+00
 1.50699E-04  2.98000E+02  0.00000E+00
 1.59502E-04  2.98000E+02  0.00000E+00
 1.68862E-04  2.98000E+02  0.00000E+00
 1.78747E-04  2.98000E+02  0.00000E+00
 1.89183E-04  2.98000E+02  0.00000E+00
 2.00203E-04  2.98000E+02  0.00000E+00
 2.11851E-04  2.98000E+02  0.00000E+00
 2.24167E-04  2.98000E+02  0.00000E+00
 2.37198E-04  2.98000E+02  0.00000E+00
 2.51001E-04  2.98000E+02  0.00000E+00
 2.65620E-04  2.98000E+02  0.00000E+00
 2.81119E-04  2.98000E+02  0.00000E+00
 2.97569E-04  2.98000E+02  0.00000E+00
 3.15031E-04  2.98000E+02  0.00000E+00
 3.33592E-04  2.98000E+02  0.00000E+00
 3.53333E-04  2.98000E+02  0.00000E+00
 3.74356E-04  2.98000E+02  0.00000E+00
 3.96794E-04  2.98000E+02  0.00000E+00
 4.20737E-04  2.98000E+02  0.00000E+00
 4.46328E-04  2.98000E+02  0.00000E+00
 4.73739E-04  2.98000E+02  0.00000E+00
 5.03086E-04  2.98000E+02  0.00000E+00
 5.34597E-04  2.98000E+02  0.00000E+00
 5.68522E-04  2.98000E+02  0.00000E+00
 6.04964E-04  2.98000E+02  0.00000E+00
 6.44339E-04  2.98000E+02  0.00000E+00
 6.87085E-04  2.98000E+02  0.00000E+00
 7.33398E-04  2.98000E+02  0.00000E+00
 7.83836E-04  2.98000E+02  0.00000E+00
 8.39057E-04  2.98000E+02  0.00000E+00
 8.99501E-04  2.98000E+02  0.00000E+00
 9.66134E-04  2.98000E+02  0.00000E+00
 1.04002E-03  2.98000E+02  0.00000E+00
 1.12211E-03  2.98000E+02  0.00000E+00
 1.21377E-03  2.98000E+02  0.00000E+00
 1.31593E-03  2.98000E+02  0.00000E+00
 1.43012E-03  2.98000E+02  0.00000E+00
 1.55648E-03  2.98000E+02  0.00000E+00
 1.69393E-03  2.98000E+02  0.00000E+00
 1.82943E-03  2.98000E+02  0.00000E+00
 1.96105E-03  2.98000E+02  0.00000E+00
 2.13478E-03  2.98000E+02  0.00000E+00
 2.24004E-03  2.98000E+02  0.00000E+00
 2.44687E-03  2.98000E+02  0.00000E+00
 2.55792E-03  2.98000E+02  0.00000E+00
 2.74446E-03  2.98000E+02  0.00000E+00
 2.94936E-03  2.98000E+02  0.00000E+00
 3.11043E-03  2.98000E+02  0.00000E+00
 3.28847E-03  2.98000E+02  0.00000E+00
 3.57748E-03  2.98000E+02  0.00000E+00
 3.74021E-03  2.98000E+02  0.00000E+00
 3.95634E-03  2.98000E+02  0.00000E+00
 4.13577E-03  2.98000E+02  0.00000E+00
 4.30168E-03  2.98000E+02  0.00000E+00
 4.45672E-03  2.98000E+02  0.00000E+00
 4.59994E-03  2.98000E+02  0.00000E+00
 4.73534E-03  2.98000E+02  0.00000E+00
 4.86664E-03  2.98000E+02  0.00000E+00
 4.99406E-03  2.98000E+02  0.00000E+00
 5.11502E-03  2.98000E+02  0.00000E+00
 5.23488E-03  2.98000E+02  0.00000E+00
 5.33627E-03  2.98000E+02  0.00000E+00
 5.45659E-03  2.98000E+02  0.00000E+00
 5.55245E-03  2.98000E+02  0.00000E+00
 5.66960E-03  2.98000E+02  0.00000E+00
 5.78185E-03  2.98000E+02  0.00000E+00
 5.87628E-03  2.98000E+02  0.00000E+00
 5.99129E-03  2.98000E+02  0.00000E+00
 6.10306E-03  2.98000E+02  0.00000E+00
 6.21255E-03  2.98000E+02  0.00000E+00
 6.30837E-03  2.98000E+02  0.00000E+00
 6.43115E-03  2.98000E+02  0.00000E+00
 6.54707E-03  2.98000E+02  0.00000E+00
 6.64224E-03  2.98000E+02  0.00000E+00
 6.75294E-03  2.98000E+02  0.00000E+00
 6.83525E-03  2.98000E+02  0.00000E+00
 6.95681E-03  2.98000E+02  0.00000E+00
 7.04787E-03  2.98000E+02  0.00000E+00
 7.16095E-03  2.98000E+02  0.00000E+00
 7.28901E-03  2.98000E+02  0.00000E+00
 7.38101E-03  2.98000E+02  0.00000E+00
 7.49606E-03  2.98000E+02  0.00000E+00
 7.62779E-03  2.98000E+02  0.00000E+00
 7.73822E-03  2.98000E+02  0.00000E+00
 7.85197E-03  2.98000E+02  0.00000E+00
 7.94564E-03  2.98000E+02  0.00000E+00
 8.06323E-03  2.98000E+02  0.00000E+00
 8.18914E-03  2.98000E+02  0.00000E+00
 8.31009E-03  2.98000E+02  0.00000E+00
 8.40804E-03  2.98000E+02  0.00000E+00
 8.52501E-03  2.98000E+02  0.00000E+00
 8.65382E-03  2.98000E+02  0.00000E+00
 8.77782E-03  2.98000E+02  0.00000E+00
 8.87935E-03  2.98000E+02  0.00000E+00
 8.99770E-03  2.98000E+02  0.00000E+00
 9.10164E-03  2.98000E+02  0.00000E+00
 9.21161E-03  2.98000E+02  0.00000E+00
 9.34279E-03  2.98000E+02  0.00000E+00
 9.47745E-03  2.98000E+02  0.00000E+00
 9.60717E-03  2.98000E+02  0.00000E+00
 9.72924E-03  2.98000E+02  0.00000E+00
 9.83388E-03  2.98000E+02  0.00000E+00
 9.95904E-03  2.98000E+02  0.00000E+00
 1.01082E-02  2.98000E+02  0.00000E+00
 1.02342E-02  2.98000E+02  0.00000E+00
 1.03854E-02  2.98000E+02  0.00000E+00
 1.05289E-02  2.98000E+02  0.00000E+00
 1.06682E-02  2.98000E+02  0.00000E+00
 1.08226E-02  2.98000E+02  0.00000E+00
 1.09552E-02  2.98000E+02  0.00000E+00
 1.11111E-02  2.98000E+02  0.00000E+00
 1.12496E-02  2.98000E+02  0.00000E+00
 1.13874E-02  2.98000E+02  0.00000E+00
 1.15255E-02  2.98000E+02  0.00000E+00
 1.16652E-02  2.98000E+02  0.00000E+00
 1.18075E-02  2.98000E+02  0.00000E+00
 1.19493E-02  2.98000E+02  0.00000E+00
 1.20939E-02  2.98000E+02  0.00000E+00
 1.22401E-02  2.98000E+02  0.00000E+00
 1.23870E-02  2.98000E+02  0.00000E+00
 1.25369E-02  2.98000E+02  0.00000E+00
 1.26871E-02  2.98000E+02  0.00000E+00
 1.28392E-02  2.98000E+02  0.00000E+00
 1.29946E-02  2.98000E+02  0.00000E+00
 1.31495E-02  2.98000E+02  0.00000E+00
 1.33080E-02  2.98000E+02  0.00000E+00
 1.34685E-02  2.98000E+02  0.00000E+00
 1.36300E-02  2.98000E+02  0.00000E+00
 1.37954E-02  2.98000E+02  0.00000E+00
 1.39616E-02  2.98000E+02  0.00000E+00
 1.41307E-02  2.98000E+02  0.00000E+00
 1.43038E-02  2.98000E+02  0.00000E+00
 1.44765E-02  2.98000E+02  0.00000E+00
 1.46537E-02  2.98000E+02  0.00000E+00
 1.48339E-02  2.98000E+02  0.00000E+00
 1.50154E-02  2.98000E+02  0.00000E+00
 1.52021E-02  2.98000E+02  0.00000E+00
 1.53903E-02  2.98000E+02  0.00000E+00
 1.55820E-02  2.98000E+02  0.00000E+00
 1.57771E-02  2.98000E+02  0.00000E+00
 1.59775E-02  2.98000E+02  0.00000E+00
 1.61780E-02  2.98000E+02  0.00000E+00
 1.63848E-02  2.98000E+02  0.00000E+00
 1.65957E-02  2.98000E+02  0.00000E+00
 1.68116E-02  2.98000E+02  0.00000E+00
 1.70327E-02  2.98000E+02  0.00000E+00
 1.72567E-02  2.98000E+02  0.00000E+00
 1.74875E-02  2.98000E+02  0.00000E+00
 1.77248E-02  2.98000E+02  0.00000E+00
 1.79671E-02  2.98000E+02  0.00000E+00
 1.82149E-02  2.98000E+02  0.00000E+00
 1.84696E-02  2.98000E+02  0.00000E+00
 1.87320E-02  2.98000E+02  0.00000E+00
 1.90043E-02  2.98000E+02  0.00000E+00
 1.92802E-02  2.98000E+02  0.00000E+00
 1.95669E-02  2.98000E+02  0.00000E+00
 1.98630E-02  2.98000E+02  0.00000E+00
 2.01719E-02  2.98000E+02  0.00000E+00
 2.04862E-02  2.98000E+02  0.00000E+00
 2.08146E-02  2.98000E+02  0.00000E+00
 2.11564E-02  2.98000E+02  0.00000E+00
 2.15142E-02  2.98000E+02  0.00000E+00
 2.18821E-02  2.98000E+02  0.00000E+00
 2.22692E-02  2.98000E+02  0.00000E+00
 2.26780E-02  2.98000E+02  0.00000E+00
 2.31043E-02  2.98000E+02  0.00000E+00
 2.35515E-02  2.98000E+02  0.00000E+00
 2.40295E-02  2.98000E+02  0.00000E+00
 2.45397E-02  2.98000E+02  0.00000E+00
 2.50726E-02  2.98000E+02  0.00000E+00
 2.56493E-02  2.98000E+02  0.00000E+00
 2.62799E-02  2.98000E+02  0.00000E+00
 2.69530E-02  2.98000E+02  0.00000E+00
 2.76858E-02  2.98000E+02  0.00000E+00
 2.85094E-02  2.98000E+02  0.00000E+00
 2.94042E-02  2.98000E+02  0.00000E+00
 3.04747E-02  2.98000E+02  0.00000E+00
 3.16353E-02  2.98000E+02  0.00000E+00
 3.30380E-02  2.98000E+02  0.00000E+00
 3.47653E-02  2.98000E+02  0.00000E+00
 3.70725E-02  2.98000E+02  0.00000E+00
 4.08035E-02  2.98000E+02  0.00000E+00
 4.77141E-02  2.98000E+02  0.00000E+00
 9.84812E-02  2.98000E+02  0.00000E+00
 1.00000E+03  2.98000E+02  0.00000E+00
 1.00000E+03  2.98000E+02  0.00000E+00
