 0.00000E+00  1.99800E+03  0.00000E+00
 0.00000E+00  1.99800E+03  0.00000E+00
 0.00000E+00  2.98000E+02  0.00000E+00
 1.76070E-07  2.98000E+02  0.00000E+00
 9.60297E-07  2.98000E+02  0.00000E+00
 1.74767E-06  2.98000E+02  0.00000E+00
 2.70923E-06  2.98000E+02  0.00000E+00
 4.28562E-06  2.98000E+02  0.00000E+00
 5.25511E-06  2.98000E+02  0.00000E+00
 6.15843E-06  2.98000E+02  0.00000E+00
 7.94962E-06  2.98000E+02  0.00000E+00
 9.58430E-06  2.98000E+02  0.00000E+00
 1.11626E-05  2.98000E+02  0.00000E+00
 1.28225E-05  2.98000E+02  0.00000E+00
 1.44943E-05  2.98000E+02  0.00000E+00
 1.62087E-05  2.98000E+02  0.00000E+00
 1.79334E-05  2.98000E+02  0.00000E+00
 1.96915E-05  2.98000E+02  0.00000E+00
 2.14669E-05  2.98000E+02  0.00000E+00
 2.32816E-05  2.98000E+02  0.00000E+00
 2.51293E-05  2.98000E+02  0.00000E+00
 2.70295E-05  2.98000E+02  0.00000E+00
 2.89775E-05  2.98000E+02  0.00000E+00
 3.09881E-05  2.98000E+02  0.00000E+00
 3.30569E-05  2.98000E+02  0.00000E+00
 3.51970E-05  2.98000E+02  0.00000E+00
 3.74031E-05  2.98000E+02  0.00000E+00
 3.96838E-05  2.98000E+02  0.00000E+00
 4.20356E-05  2.98000E+02  0.00000E+00
 4.44696E-05  2.98000E+02  0.00000E+00
 4.69834E-05  2.98000E+02  0.00000E+00
 4.95855E-05  2.98000E+02  0.00000E+00
 5.22863E-05  2.98000E+02  0.00000E+00
 5.51266E-05  2.98000E+02  0.00000E+00
 5.81171E-05  2.98000E+02  0.00000E+00
 6.12461E-05  2.98000E+02  0.00000E+00
 6.45038E-05  2.98000E+02  0.00000E+00
 6.78882E-05  2.98000E+02  0.00000E+00
 7.13910E-05  2.98000E+02  0.00000E+00
 7.50337E-05  2.98000E+02  0.00000E+00
 7.89240E-05  2.98000E+02  0.00000E+00
 8.30765E-05  2.98000E+02  0.00000E+00
 8.74738E-05  2.98000E+02  0.00000E+00
 9.21287E-05  2.98000E+02  0.00000E+00
 9.70855E-05  2.98000E+02  0.00000E+00
 1.02371E-04  2.98000E+02  0.00000E+00
 1.07973E-04  2.98000E+02  0.00000E+00
 1.13849E-04  2.98000E+02  0.00000E+00
 1.19994E-04  2.98000E+02  0.00000E+00
 1.26427E-04  2.98000E+02  0.00000E+00
 1.33141E-04  2.98000E+02  0.00000E+00
 1.40171E-04  2.98000E+02  0.00000E+00
 1.47507E-04  2.98000E+02  0.00000E+00
 1.55171E-04  2.98000E+02  0.00000E+00
 1.63179E-04  2.98000E+02  0.00000E+00
 1.71553E-04  2.98000E+02  0.00000E+00
 1.80290E-04  2.98000E+02  0.00000E+00
 1.89423E-04  2.98000E+02  0.00000E+00
 1.98959E-04  2.98000E+02  0.00000E+00
 2.08924E-04  2.98000E+02  0.00000E+00
 2.19331E-04  2.98000E+02  0.00000E+00
 2.30206E-04  2.98000E+02  0.00000E+00
 2.41554E-04  2.98000E+02  0.00000E+00
 2.53391E-04  2.98000E+02  0.00000E+00
 2.65753E-04  2.98000E+02  0.00000E+00
 2.78650E-04  2.98000E+02  0.00000E+00
 2.92119E-04  2.98000E+02  0.00000E+00
 3.06215E-04  2.98000E+02  0.00000E+00
 3.20944E-04  2.98000E+02  0.00000E+00
 3.36356E-04  2.98000E+02  0.00000E+00
 3.52496E-04  2.98000E+02  0.00000E+00
 3.69388E-04  2.98000E+02  0.00000E+00
 3.87098E-04  2.98000E+02  0.00000E+00
 4.05650E-04  2.98000E+02  0.00000E+00
 4.25103E-04  2.98000E+02  0.00000E+00
 4.45562E-04  2.98000E+02  0.00000E+00
 4.67025E-04  2.98000E+02  0.00000E+00
 4.89602E-04  2.98000E+02  0.00000E+00
 5.13419E-04  2.98000E+02  0.00000E+00
 5.38484E-04  2.98000E+02  0.00000E+00
 5.64976E-04  2.98000E+02  0.00000E+00
 5.93047E-04  2.98000E+02  0.00000E+00
 6.22711E-04  2.98000E+02  0.00000E+00
 6.54218E-04  2.98000E+02  0.00000E+00
 6.87861E-04  2.98000E+02  0.00000E+00
 7.23664E-04  2.98000E+02  0.00000E+00
 7.61947E-04  2.98000E+02  0.00000E+00
 8.03199E-04  2.98000E+02  0.00000E+00
 8.47485E-04  2.98000E+02  0.00000E+00
 8.95246E-04  2.98000E+02  0.00000E+00
 9.47502E-04  2.98000E+02  0.00000E+00
 1.00455E-03  2.98000E+02  0.00000E+00
 1.06777E-03  2.98000E+02  0.00000E+00
 1.13777E-03  2.98000E+02  0.00000E+00
 1.21567E-03  2.98000E+02  0.00000E+00
 1.30040E-03  2.98000E+02  0.00000E+00
 1.36520E-03  2.98000E+02  0.00000E+00
 1.44333E-03  2.98000E+02  0.00000E+00
 1.53497E-03  2.98000E+02  0.00000E+00
 1.61191E-03  2.98000E+02  0.00000E+00
 1.72139E-03  2.98000E+02  0.00000E+00
 1.80214E-03  2.98000E+02  0.00000E+00
 1.88696E-03  2.98000E+02  0.00000E+00
 1.95454E-03  2.98000E+02  0.00000E+00
 2.01627E-03  2.98000E+02  0.00000E+00
 2.07309E-03  2.98000E+02  0.00000E+00
 2.12476E-03  2.98000E+02  0.00000E+00
 2.17473E-03  2.98000E+02  0.00000E+00
 2.22324E-03  2.98000E+02  0.00000E+00
 2.26981E-03  2.98000E+02  0.00000E+00
 2.31491E-03  2.98000E+02  0.00000E+00
 2.35965E-03  2.98000E+02  0.00000E+00
 2.40396E-03  2.98000E+02  0.00000E+00
 2.44674E-03  2.98000E+02  0.00000E+00
 2.48955E-03  2.98000E+02  0.00000E+00
 2.53193E-03  2.98000E+02  0.00000E+00
 2.57421E-03  2.98000E+02  0.00000E+00
 2.61645E-03  2.98000E+02  0.00000E+00
 2.65825E-03  2.98000E+02  0.00000E+00
 2.70012E-03  2.98000E+02  0.00000E+00
 2.74204E-03  2.98000E+02  0.00000E+00
 2.77734E-03  2.98000E+02  0.00000E+00
 2.82201E-03  2.98000E+02  0.00000E+00
 2.86452E-03  2.98000E+02  0.00000E+00
 2.90694E-03  2.98000E+02  0.00000E+00
 2.94970E-03  2.98000E+02  0.00000E+00
 2.98599E-03  2.98000E+02  0.00000E+00
 3.03167E-03  2.98000E+02  0.00000E+00
 3.07567E-03  2.98000E+02  0.00000E+00
 3.11949E-03  2.98000E+02  0.00000E+00
 3.15670E-03  2.98000E+02  0.00000E+00
 3.20375E-03  2.98000E+02  0.00000E+00
 3.24919E-03  2.98000E+02  0.00000E+00
 3.29503E-03  2.98000E+02  0.00000E+00
 3.33391E-03  2.98000E+02  0.00000E+00
 3.38228E-03  2.98000E+02  0.00000E+00
 3.42949E-03  2.98000E+02  0.00000E+00
 3.47732E-03  2.98000E+02  0.00000E+00
 3.52120E-03  2.98000E+02  0.00000E+00
 3.57454E-03  2.98000E+02  0.00000E+00
 3.62388E-03  2.98000E+02  0.00000E+00
 3.67397E-03  2.98000E+02  0.00000E+00
 3.72488E-03  2.98000E+02  0.00000E+00
 3.77654E-03  2.98000E+02  0.00000E+00
 3.82924E-03  2.98000E+02  0.00000E+00
 3.88230E-03  2.98000E+02  0.00000E+00
 3.93630E-03  2.98000E+02  0.00000E+00
 3.99120E-03  2.98000E+02  0.00000E+00
 4.04709E-03  2.98000E+02  0.00000E+00
 4.10407E-03  2.98000E+02  0.00000E+00
 4.16228E-03  2.98000E+02  0.00000E+00
 4.22100E-03  2.98000E+02  0.00000E+00
 4.28087E-03  2.98000E+02  0.00000E+00
 4.34208E-03  2.98000E+02  0.00000E+00
 4.40475E-03  2.98000E+02  0.00000E+00
 4.46889E-03  2.98000E+02  0.00000E+00
 4.53459E-03  2.98000E+02  0.00000E+00
 4.60108E-03  2.98000E+02  0.00000E+00
 4.66924E-03  2.98000E+02  0.00000E+00
 4.73912E-03  2.98000E+02  0.00000E+00
 4.81080E-03  2.98000E+02  0.00000E+00
 4.88452E-03  2.98000E+02  0.00000E+00
 4.96042E-03  2.98000E+02  0.00000E+00
 5.03755E-03  2.98000E+02  0.00000E+00
 5.11700E-03  2.98000E+02  0.00000E+00
 5.19894E-03  2.98000E+02  0.00000E+00
 5.28361E-03  2.98000E+02  0.00000E+00
 5.37120E-03  2.98000E+02  0.00000E+00
 5.46198E-03  2.98000E+02  0.00000E+00
 5.55486E-03  2.98000E+02  0.00000E+00
 5.65127E-03  2.98000E+02  0.00000E+00
 5.75169E-03  2.98000E+02  0.00000E+00
 5.85640E-03  2.98000E+02  0.00000E+00
 5.96589E-03  2.98000E+02  0.00000E+00
 6.08067E-03  2.98000E+02  0.00000E+00
 6.19923E-03  2.98000E+02  0.00000E+00
 6.32465E-03  2.98000E+02  0.00000E+00
 6.45631E-03  2.98000E+02  0.00000E+00
 6.59607E-03  2.98000E+02  0.00000E+00
 6.74512E-03  2.98000E+02  0.00000E+00
 6.90450E-03  2.98000E+02  0.00000E+00
 7.07643E-03  2.98000E+02  0.00000E+00
 7.25786E-03  2.98000E+02  0.00000E+00
 7.45632E-03  2.98000E+02  0.00000E+00
 7.67426E-03  2.98000E+02  0.00000E+00
 7.91805E-03  2.98000E+02  0.00000E+00
 8.19433E-03  2.98000E+02  0.00000E+00
 8.50690E-03  2.98000E+02  0.00000E+00
 8.86370E-03  2.98000E+02  0.00000E+00
 9.29088E-03  2.98000E+02  0.00000E+00
 9.90985E-03  2.98000E+02  0.00000E+00
 1.07548E-02  2.98000E+02  0.00000E+00
 1.22427E-02  2.98000E+02  0.00000E+00
 1.43892E-02  2.98000E+02  0.00000E+00
 1.41318E-01  2.98000E+02  0.00000E+00
 2.36947E+02  2.98000E+02  0.00000E+00
 1.00000E+03  2.98000E+02  0.00000E+00
 1.00000E+03  2.98000E+02  0.00000E+00
