Ar       0    39.948   136.500     3.330     0.000     0.000     0.000 !Wa.(78)  
C        0    12.010    71.400     3.298     0.000     0.000     0.000 !=>CHEMKIN
C2       1    24.020    97.530     3.621     0.000     1.760     4.000 !=>CHEMKIN
C2O      1    40.021   232.400     3.828     0.000     0.000     1.000 ! *
O        0    15.999    80.000     2.750     0.000     0.000     0.000
O2       1    31.999   107.400     3.458     0.000     1.600     3.800
OH       1    17.008    80.000     2.750     0.000     0.000     0.000
H2O      2    18.015   572.400     2.605     1.844     0.000     4.000
H2O2     2    34.015   107.400     3.458     0.000     0.000     3.800
CO2      1    44.010   244.000     3.763     0.000     2.650     2.100
N2       1    28.013    97.530     3.621     0.000     1.760     4.000 !Wa.(82)  
HO2      2    33.007   107.400     3.458     0.000     0.000     1.000 ! 
N        0    14.007    71.400     3.298     0.000     0.000     0.000 ! 
H        0     1.008   145.000     2.050     0.000     0.000     0.000 !Wa.(82)  
CH       1    13.019    80.000     2.750     0.000     0.000     0.000 !=> O     
CH2      1    14.027   144.000     3.800     0.000     0.000     0.000
CH2(S)   1    14.027   144.000     3.800     0.000     0.000     0.000
CH3      1    15.035   144.000     3.800     0.000     0.000     0.000
CH4      2    16.043   141.400     3.746     0.000     2.600    13.000
CO       1    28.010    98.100     3.650     0.000     1.950     1.800 !Wa.(82)  
H2       1     2.016    38.000     2.920     0.000     0.790   280.000 !Wa.(82)  
HCO      2    29.018   498.000     3.590     0.000     0.000     0.000 !=> CH2O  
CH2O     2    30.026   498.000     3.590     0.000     0.000     2.000 !Wa.(82)  
CH2OH    2    31.034   417.000     3.690     1.700     0.000     2.000
CH3O     2    31.034   417.000     3.690     1.700     0.000     2.000
CH3OH    2    32.042   481.800     3.626     0.000     0.000     1.000 ! SVE
C2H      1    25.030   209.000     4.100     0.000     0.000     2.500 !=> C2H2  
C2H2     1    26.038   209.000     4.100     0.000     0.000     2.500 Wa.(82)  
C2H3     2    27.046   209.000     4.100     0.000     0.000     1.000 ! 
C2H4     2    28.054   280.800     3.971     0.000     0.000     1.500
C2H5     2    29.062   252.300     4.302     0.000     0.000     1.500
C2H6     2    30.070   252.300     4.302     0.000     0.000     1.500
HCCO     2    41.029   150.000     2.500     0.000     0.000     1.000 ! 
CH2CO    2    42.037   436.000     3.970     0.000     0.000     2.000 => CH3CHO
HCCOH    2    42.037   436.000     3.970     0.000     0.000     2.000 =>CHEMKIN
NH       1    15.007    80.000     2.650     0.000     0.000     4.000
NH2      2    16.014    80.000     2.650     0.000     2.260     4.000
NH3      2    17.021   481.000     2.920     1.470     0.000    10.000
NNH      2    29.022    71.400     3.798     0.000     0.000     1.000 ! 
NO       1    30.006    97.530     3.621     0.000     1.760     4.000
NO2      2    46.007   200.000     3.500     0.000     0.000     1.000 ! 
N2O      1    44.014   232.400     3.828     0.000     0.000     1.000 ! 
HNO      1    31.015   116.700     3.492     0.000     0.000     1.000 ! 
CN       1    26.007    75.000     3.856     0.000     0.000     1.000 ! OIS  
HCN      1    27.015   569.000     3.630     0.000     0.000     1.000 ! OIS
H2CN     2    28.033   569.000     3.630     0.000     0.000     1.000 ! os/jm
HCNO     2    43.015   232.400     3.828     0.000     0.000     1.000 ! JAM
HOCN     2    43.015   232.400     3.828     0.000     0.000     1.000 ! JAM
HNCO     2    43.015   232.400     3.828     0.000     0.000     1.000 ! OIS
NCO      2    42.007   232.400     3.828     0.000     0.000     1.000 ! OIS
C3H7     2    43.089   266.800     4.982     0.000     0.000     1.000
C3H8     2    44.097   266.800     4.982     0.000     0.000     1.000
CH2CHO   2    43.045   436.000     3.970     0.000     0.000     2.000
CH3CHO   2    44.053   436.000     3.970     0.000     0.000     2.000
HCNN     2    41.032   150.000     2.500     0.000     0.000     1.000 ! 

