 0.00000E+00  1.99800E+03  0.00000E+00
 0.00000E+00  1.99800E+03  0.00000E+00
 0.00000E+00  2.98000E+02  0.00000E+00
 9.63576E-08  2.98000E+02  0.00000E+00
 2.47569E-07  2.98000E+02  0.00000E+00
 4.39171E-07  2.98000E+02  0.00000E+00
 6.98193E-07  2.98000E+02  0.00000E+00
 1.00292E-06  2.98000E+02  0.00000E+00
 1.35671E-06  2.98000E+02  0.00000E+00
 1.73292E-06  2.98000E+02  0.00000E+00
 2.17282E-06  2.98000E+02  0.00000E+00
 2.65192E-06  2.98000E+02  0.00000E+00
 3.14489E-06  2.98000E+02  0.00000E+00
 3.85446E-06  2.98000E+02  0.00000E+00
 4.86982E-06  2.98000E+02  0.00000E+00
 6.06007E-06  2.98000E+02  0.00000E+00
 7.32765E-06  2.98000E+02  0.00000E+00
 8.73156E-06  2.98000E+02  0.00000E+00
 1.01907E-05  2.98000E+02  0.00000E+00
 1.17182E-05  2.98000E+02  0.00000E+00
 1.32624E-05  2.98000E+02  0.00000E+00
 1.48288E-05  2.98000E+02  0.00000E+00
 1.64018E-05  2.98000E+02  0.00000E+00
 1.79971E-05  2.98000E+02  0.00000E+00
 1.96116E-05  2.98000E+02  0.00000E+00
 2.12600E-05  2.98000E+02  0.00000E+00
 2.29421E-05  2.98000E+02  0.00000E+00
 2.46693E-05  2.98000E+02  0.00000E+00
 2.64438E-05  2.98000E+02  0.00000E+00
 2.82739E-05  2.98000E+02  0.00000E+00
 3.01609E-05  2.98000E+02  0.00000E+00
 3.21122E-05  2.98000E+02  0.00000E+00
 3.41330E-05  2.98000E+02  0.00000E+00
 3.62287E-05  2.98000E+02  0.00000E+00
 3.84025E-05  2.98000E+02  0.00000E+00
 4.06473E-05  2.98000E+02  0.00000E+00
 4.29038E-05  2.98000E+02  0.00000E+00
 4.51534E-05  2.98000E+02  0.00000E+00
 4.74250E-05  2.98000E+02  0.00000E+00
 4.97341E-05  2.98000E+02  0.00000E+00
 5.21088E-05  2.98000E+02  0.00000E+00
 5.45718E-05  2.98000E+02  0.00000E+00
 5.71558E-05  2.98000E+02  0.00000E+00
 5.98479E-05  2.98000E+02  0.00000E+00
 6.26686E-05  2.98000E+02  0.00000E+00
 6.56067E-05  2.98000E+02  0.00000E+00
 6.87177E-05  2.98000E+02  0.00000E+00
 7.20093E-05  2.98000E+02  0.00000E+00
 7.55316E-05  2.98000E+02  0.00000E+00
 7.92930E-05  2.98000E+02  0.00000E+00
 8.33016E-05  2.98000E+02  0.00000E+00
 8.74650E-05  2.98000E+02  0.00000E+00
 9.19240E-05  2.98000E+02  0.00000E+00
 9.66481E-05  2.98000E+02  0.00000E+00
 1.01624E-04  2.98000E+02  0.00000E+00
 1.06894E-04  2.98000E+02  0.00000E+00
 1.12531E-04  2.98000E+02  0.00000E+00
 1.18522E-04  2.98000E+02  0.00000E+00
 1.24986E-04  2.98000E+02  0.00000E+00
 1.31995E-04  2.98000E+02  0.00000E+00
 1.39463E-04  2.98000E+02  0.00000E+00
 1.47415E-04  2.98000E+02  0.00000E+00
 1.55848E-04  2.98000E+02  0.00000E+00
 1.64800E-04  2.98000E+02  0.00000E+00
 1.74235E-04  2.98000E+02  0.00000E+00
 1.84184E-04  2.98000E+02  0.00000E+00
 1.94660E-04  2.98000E+02  0.00000E+00
 2.05694E-04  2.98000E+02  0.00000E+00
 2.17339E-04  2.98000E+02  0.00000E+00
 2.29621E-04  2.98000E+02  0.00000E+00
 2.42582E-04  2.98000E+02  0.00000E+00
 2.56279E-04  2.98000E+02  0.00000E+00
 2.70748E-04  2.98000E+02  0.00000E+00
 2.86049E-04  2.98000E+02  0.00000E+00
 3.02242E-04  2.98000E+02  0.00000E+00
 3.19377E-04  2.98000E+02  0.00000E+00
 3.37543E-04  2.98000E+02  0.00000E+00
 3.56795E-04  2.98000E+02  0.00000E+00
 3.77225E-04  2.98000E+02  0.00000E+00
 3.98943E-04  2.98000E+02  0.00000E+00
 4.22019E-04  2.98000E+02  0.00000E+00
 4.46596E-04  2.98000E+02  0.00000E+00
 4.72801E-04  2.98000E+02  0.00000E+00
 5.00720E-04  2.98000E+02  0.00000E+00
 5.30548E-04  2.98000E+02  0.00000E+00
 5.62449E-04  2.98000E+02  0.00000E+00
 5.96542E-04  2.98000E+02  0.00000E+00
 6.33134E-04  2.98000E+02  0.00000E+00
 6.72537E-04  2.98000E+02  0.00000E+00
 7.14895E-04  2.98000E+02  0.00000E+00
 7.60612E-04  2.98000E+02  0.00000E+00
 8.10251E-04  2.98000E+02  0.00000E+00
 8.63963E-04  2.98000E+02  0.00000E+00
 9.22553E-04  2.98000E+02  0.00000E+00
 9.86739E-04  2.98000E+02  0.00000E+00
 1.05697E-03  2.98000E+02  0.00000E+00
 1.13439E-03  2.98000E+02  0.00000E+00
 1.21994E-03  2.98000E+02  0.00000E+00
 1.31444E-03  2.98000E+02  0.00000E+00
 1.41773E-03  2.98000E+02  0.00000E+00
 1.52947E-03  2.98000E+02  0.00000E+00
 1.63549E-03  2.98000E+02  0.00000E+00
 1.76586E-03  2.98000E+02  0.00000E+00
 1.87041E-03  2.98000E+02  0.00000E+00
 2.01394E-03  2.98000E+02  0.00000E+00
 2.13987E-03  2.98000E+02  0.00000E+00
 2.29156E-03  2.98000E+02  0.00000E+00
 2.43965E-03  2.98000E+02  0.00000E+00
 2.60073E-03  2.98000E+02  0.00000E+00
 2.74459E-03  2.98000E+02  0.00000E+00
 2.90325E-03  2.98000E+02  0.00000E+00
 3.08199E-03  2.98000E+02  0.00000E+00
 3.22938E-03  2.98000E+02  0.00000E+00
 3.35593E-03  2.98000E+02  0.00000E+00
 3.46937E-03  2.98000E+02  0.00000E+00
 3.57481E-03  2.98000E+02  0.00000E+00
 3.67827E-03  2.98000E+02  0.00000E+00
 3.77479E-03  2.98000E+02  0.00000E+00
 3.86939E-03  2.98000E+02  0.00000E+00
 3.95892E-03  2.98000E+02  0.00000E+00
 4.04645E-03  2.98000E+02  0.00000E+00
 4.13208E-03  2.98000E+02  0.00000E+00
 4.21529E-03  2.98000E+02  0.00000E+00
 4.29701E-03  2.98000E+02  0.00000E+00
 4.37817E-03  2.98000E+02  0.00000E+00
 4.45886E-03  2.98000E+02  0.00000E+00
 4.53124E-03  2.98000E+02  0.00000E+00
 4.60818E-03  2.98000E+02  0.00000E+00
 4.67546E-03  2.98000E+02  0.00000E+00
 4.76164E-03  2.98000E+02  0.00000E+00
 4.82706E-03  2.98000E+02  0.00000E+00
 4.90816E-03  2.98000E+02  0.00000E+00
 4.97926E-03  2.98000E+02  0.00000E+00
 5.05948E-03  2.98000E+02  0.00000E+00
 5.13802E-03  2.98000E+02  0.00000E+00
 5.20363E-03  2.98000E+02  0.00000E+00
 5.28421E-03  2.98000E+02  0.00000E+00
 5.34950E-03  2.98000E+02  0.00000E+00
 5.43139E-03  2.98000E+02  0.00000E+00
 5.49718E-03  2.98000E+02  0.00000E+00
 5.58390E-03  2.98000E+02  0.00000E+00
 5.66353E-03  2.98000E+02  0.00000E+00
 5.74310E-03  2.98000E+02  0.00000E+00
 5.80355E-03  2.98000E+02  0.00000E+00
 5.89309E-03  2.98000E+02  0.00000E+00
 5.95485E-03  2.98000E+02  0.00000E+00
 6.04396E-03  2.98000E+02  0.00000E+00
 6.11820E-03  2.98000E+02  0.00000E+00
 6.19733E-03  2.98000E+02  0.00000E+00
 6.27879E-03  2.98000E+02  0.00000E+00
 6.34761E-03  2.98000E+02  0.00000E+00
 6.43429E-03  2.98000E+02  0.00000E+00
 6.51825E-03  2.98000E+02  0.00000E+00
 6.60171E-03  2.98000E+02  0.00000E+00
 6.66584E-03  2.98000E+02  0.00000E+00
 6.76109E-03  2.98000E+02  0.00000E+00
 6.84702E-03  2.98000E+02  0.00000E+00
 6.92219E-03  2.98000E+02  0.00000E+00
 7.01089E-03  2.98000E+02  0.00000E+00
 7.09841E-03  2.98000E+02  0.00000E+00
 7.18654E-03  2.98000E+02  0.00000E+00
 7.26843E-03  2.98000E+02  0.00000E+00
 7.35556E-03  2.98000E+02  0.00000E+00
 7.44702E-03  2.98000E+02  0.00000E+00
 7.53868E-03  2.98000E+02  0.00000E+00
 7.63098E-03  2.98000E+02  0.00000E+00
 7.72432E-03  2.98000E+02  0.00000E+00
 7.81870E-03  2.98000E+02  0.00000E+00
 7.91416E-03  2.98000E+02  0.00000E+00
 8.01071E-03  2.98000E+02  0.00000E+00
 8.10838E-03  2.98000E+02  0.00000E+00
 8.20713E-03  2.98000E+02  0.00000E+00
 8.30710E-03  2.98000E+02  0.00000E+00
 8.40824E-03  2.98000E+02  0.00000E+00
 8.51063E-03  2.98000E+02  0.00000E+00
 8.61436E-03  2.98000E+02  0.00000E+00
 8.71948E-03  2.98000E+02  0.00000E+00
 8.82597E-03  2.98000E+02  0.00000E+00
 8.93386E-03  2.98000E+02  0.00000E+00
 9.04312E-03  2.98000E+02  0.00000E+00
 9.15393E-03  2.98000E+02  0.00000E+00
 9.26658E-03  2.98000E+02  0.00000E+00
 9.38028E-03  2.98000E+02  0.00000E+00
 9.49727E-03  2.98000E+02  0.00000E+00
 9.61392E-03  2.98000E+02  0.00000E+00
 9.73291E-03  2.98000E+02  0.00000E+00
 9.85439E-03  2.98000E+02  0.00000E+00
 9.97765E-03  2.98000E+02  0.00000E+00
 1.01020E-02  2.98000E+02  0.00000E+00
 1.02294E-02  2.98000E+02  0.00000E+00
 1.03603E-02  2.98000E+02  0.00000E+00
 1.04913E-02  2.98000E+02  0.00000E+00
 1.06255E-02  2.98000E+02  0.00000E+00
 1.07635E-02  2.98000E+02  0.00000E+00
 1.09037E-02  2.98000E+02  0.00000E+00
 1.10460E-02  2.98000E+02  0.00000E+00
 1.11922E-02  2.98000E+02  0.00000E+00
 1.13427E-02  2.98000E+02  0.00000E+00
 1.14941E-02  2.98000E+02  0.00000E+00
 1.16500E-02  2.98000E+02  0.00000E+00
 1.18109E-02  2.98000E+02  0.00000E+00
 1.19754E-02  2.98000E+02  0.00000E+00
 1.21429E-02  2.98000E+02  0.00000E+00
 1.23161E-02  2.98000E+02  0.00000E+00
 1.24959E-02  2.98000E+02  0.00000E+00
 1.26776E-02  2.98000E+02  0.00000E+00
 1.28661E-02  2.98000E+02  0.00000E+00
 1.30623E-02  2.98000E+02  0.00000E+00
 1.32642E-02  2.98000E+02  0.00000E+00
 1.34719E-02  2.98000E+02  0.00000E+00
 1.36892E-02  2.98000E+02  0.00000E+00
 1.39163E-02  2.98000E+02  0.00000E+00
 1.41482E-02  2.98000E+02  0.00000E+00
 1.43919E-02  2.98000E+02  0.00000E+00
 1.46494E-02  2.98000E+02  0.00000E+00
 1.49168E-02  2.98000E+02  0.00000E+00
 1.51961E-02  2.98000E+02  0.00000E+00
 1.54936E-02  2.98000E+02  0.00000E+00
 1.58108E-02  2.98000E+02  0.00000E+00
 1.61396E-02  2.98000E+02  0.00000E+00
 1.64946E-02  2.98000E+02  0.00000E+00
 1.68793E-02  2.98000E+02  0.00000E+00
 1.72893E-02  2.98000E+02  0.00000E+00
 1.77308E-02  2.98000E+02  0.00000E+00
 1.82226E-02  2.98000E+02  0.00000E+00
 1.87612E-02  2.98000E+02  0.00000E+00
 1.93681E-02  2.98000E+02  0.00000E+00
 2.00462E-02  2.98000E+02  0.00000E+00
 2.08490E-02  2.98000E+02  0.00000E+00
 2.18368E-02  2.98000E+02  0.00000E+00
 2.29725E-02  2.98000E+02  0.00000E+00
 2.43290E-02  2.98000E+02  0.00000E+00
 2.64186E-02  2.98000E+02  0.00000E+00
 3.08329E-02  2.98000E+02  0.00000E+00
 4.24376E-02  2.98000E+02  0.00000E+00
 4.41261E+02  2.98000E+02  0.00000E+00
 1.00000E+03  2.98000E+02  0.00000E+00
 1.00000E+03  2.98000E+02  0.00000E+00
