 0.00000E+00  1.99800E+03  0.00000E+00
 0.00000E+00  1.99800E+03  0.00000E+00
 0.00000E+00  2.98000E+02  0.00000E+00
 5.86976E-08  2.98000E+02  0.00000E+00
 5.51787E-07  2.98000E+02  0.00000E+00
 1.77263E-06  2.98000E+02  0.00000E+00
 3.51456E-06  2.98000E+02  0.00000E+00
 5.23452E-06  2.98000E+02  0.00000E+00
 6.70210E-06  2.98000E+02  0.00000E+00
 8.61582E-06  2.98000E+02  0.00000E+00
 1.03028E-05  2.98000E+02  0.00000E+00
 1.19306E-05  2.98000E+02  0.00000E+00
 1.36137E-05  2.98000E+02  0.00000E+00
 1.53203E-05  2.98000E+02  0.00000E+00
 1.70927E-05  2.98000E+02  0.00000E+00
 1.88822E-05  2.98000E+02  0.00000E+00
 2.07048E-05  2.98000E+02  0.00000E+00
 2.25436E-05  2.98000E+02  0.00000E+00
 2.44235E-05  2.98000E+02  0.00000E+00
 2.63373E-05  2.98000E+02  0.00000E+00
 2.83072E-05  2.98000E+02  0.00000E+00
 3.03261E-05  2.98000E+02  0.00000E+00
 3.24120E-05  2.98000E+02  0.00000E+00
 3.45571E-05  2.98000E+02  0.00000E+00
 3.67767E-05  2.98000E+02  0.00000E+00
 3.90636E-05  2.98000E+02  0.00000E+00
 4.14304E-05  2.98000E+02  0.00000E+00
 4.38698E-05  2.98000E+02  0.00000E+00
 4.63957E-05  2.98000E+02  0.00000E+00
 4.90109E-05  2.98000E+02  0.00000E+00
 5.17336E-05  2.98000E+02  0.00000E+00
 5.46071E-05  2.98000E+02  0.00000E+00
 5.76742E-05  2.98000E+02  0.00000E+00
 6.09411E-05  2.98000E+02  0.00000E+00
 6.44115E-05  2.98000E+02  0.00000E+00
 6.80694E-05  2.98000E+02  0.00000E+00
 7.18937E-05  2.98000E+02  0.00000E+00
 7.59130E-05  2.98000E+02  0.00000E+00
 8.01635E-05  2.98000E+02  0.00000E+00
 8.46131E-05  2.98000E+02  0.00000E+00
 8.92790E-05  2.98000E+02  0.00000E+00
 9.41646E-05  2.98000E+02  0.00000E+00
 9.92779E-05  2.98000E+02  0.00000E+00
 1.04619E-04  2.98000E+02  0.00000E+00
 1.10207E-04  2.98000E+02  0.00000E+00
 1.16023E-04  2.98000E+02  0.00000E+00
 1.22108E-04  2.98000E+02  0.00000E+00
 1.28452E-04  2.98000E+02  0.00000E+00
 1.35073E-04  2.98000E+02  0.00000E+00
 1.41981E-04  2.98000E+02  0.00000E+00
 1.49191E-04  2.98000E+02  0.00000E+00
 1.56695E-04  2.98000E+02  0.00000E+00
 1.64532E-04  2.98000E+02  0.00000E+00
 1.72699E-04  2.98000E+02  0.00000E+00
 1.81210E-04  2.98000E+02  0.00000E+00
 1.90082E-04  2.98000E+02  0.00000E+00
 1.99341E-04  2.98000E+02  0.00000E+00
 2.08991E-04  2.98000E+02  0.00000E+00
 2.19065E-04  2.98000E+02  0.00000E+00
 2.29574E-04  2.98000E+02  0.00000E+00
 2.40546E-04  2.98000E+02  0.00000E+00
 2.52004E-04  2.98000E+02  0.00000E+00
 2.63969E-04  2.98000E+02  0.00000E+00
 2.76460E-04  2.98000E+02  0.00000E+00
 2.89523E-04  2.98000E+02  0.00000E+00
 3.03174E-04  2.98000E+02  0.00000E+00
 3.17442E-04  2.98000E+02  0.00000E+00
 3.32375E-04  2.98000E+02  0.00000E+00
 3.48005E-04  2.98000E+02  0.00000E+00
 3.64388E-04  2.98000E+02  0.00000E+00
 3.81552E-04  2.98000E+02  0.00000E+00
 3.99551E-04  2.98000E+02  0.00000E+00
 4.18463E-04  2.98000E+02  0.00000E+00
 4.38355E-04  2.98000E+02  0.00000E+00
 4.59220E-04  2.98000E+02  0.00000E+00
 4.81229E-04  2.98000E+02  0.00000E+00
 5.04391E-04  2.98000E+02  0.00000E+00
 5.28794E-04  2.98000E+02  0.00000E+00
 5.54538E-04  2.98000E+02  0.00000E+00
 5.81869E-04  2.98000E+02  0.00000E+00
 6.10716E-04  2.98000E+02  0.00000E+00
 6.41428E-04  2.98000E+02  0.00000E+00
 6.74125E-04  2.98000E+02  0.00000E+00
 7.08938E-04  2.98000E+02  0.00000E+00
 7.46191E-04  2.98000E+02  0.00000E+00
 7.86035E-04  2.98000E+02  0.00000E+00
 8.29185E-04  2.98000E+02  0.00000E+00
 8.76146E-04  2.98000E+02  0.00000E+00
 9.26801E-04  2.98000E+02  0.00000E+00
 9.82778E-04  2.98000E+02  0.00000E+00
 1.04488E-03  2.98000E+02  0.00000E+00
 1.11419E-03  2.98000E+02  0.00000E+00
 1.18278E-03  2.98000E+02  0.00000E+00
 1.25947E-03  2.98000E+02  0.00000E+00
 1.32991E-03  2.98000E+02  0.00000E+00
 1.40622E-03  2.98000E+02  0.00000E+00
 1.48116E-03  2.98000E+02  0.00000E+00
 1.56433E-03  2.98000E+02  0.00000E+00
 1.62517E-03  2.98000E+02  0.00000E+00
 1.70426E-03  2.98000E+02  0.00000E+00
 1.76874E-03  2.98000E+02  0.00000E+00
 1.82444E-03  2.98000E+02  0.00000E+00
 1.87681E-03  2.98000E+02  0.00000E+00
 1.92601E-03  2.98000E+02  0.00000E+00
 1.97133E-03  2.98000E+02  0.00000E+00
 2.01550E-03  2.98000E+02  0.00000E+00
 2.05878E-03  2.98000E+02  0.00000E+00
 2.10053E-03  2.98000E+02  0.00000E+00
 2.14128E-03  2.98000E+02  0.00000E+00
 2.18177E-03  2.98000E+02  0.00000E+00
 2.22208E-03  2.98000E+02  0.00000E+00
 2.26115E-03  2.98000E+02  0.00000E+00
 2.30013E-03  2.98000E+02  0.00000E+00
 2.33596E-03  2.98000E+02  0.00000E+00
 2.37427E-03  2.98000E+02  0.00000E+00
 2.41359E-03  2.98000E+02  0.00000E+00
 2.44679E-03  2.98000E+02  0.00000E+00
 2.48723E-03  2.98000E+02  0.00000E+00
 2.52639E-03  2.98000E+02  0.00000E+00
 2.56585E-03  2.98000E+02  0.00000E+00
 2.60550E-03  2.98000E+02  0.00000E+00
 2.64508E-03  2.98000E+02  0.00000E+00
 2.68508E-03  2.98000E+02  0.00000E+00
 2.72209E-03  2.98000E+02  0.00000E+00
 2.76171E-03  2.98000E+02  0.00000E+00
 2.80317E-03  2.98000E+02  0.00000E+00
 2.84438E-03  2.98000E+02  0.00000E+00
 2.87624E-03  2.98000E+02  0.00000E+00
 2.92381E-03  2.98000E+02  0.00000E+00
 2.96637E-03  2.98000E+02  0.00000E+00
 3.00256E-03  2.98000E+02  0.00000E+00
 3.04761E-03  2.98000E+02  0.00000E+00
 3.09178E-03  2.98000E+02  0.00000E+00
 3.13715E-03  2.98000E+02  0.00000E+00
 3.18246E-03  2.98000E+02  0.00000E+00
 3.22856E-03  2.98000E+02  0.00000E+00
 3.27549E-03  2.98000E+02  0.00000E+00
 3.32308E-03  2.98000E+02  0.00000E+00
 3.37182E-03  2.98000E+02  0.00000E+00
 3.42141E-03  2.98000E+02  0.00000E+00
 3.47150E-03  2.98000E+02  0.00000E+00
 3.52250E-03  2.98000E+02  0.00000E+00
 3.57456E-03  2.98000E+02  0.00000E+00
 3.62772E-03  2.98000E+02  0.00000E+00
 3.68205E-03  2.98000E+02  0.00000E+00
 3.73768E-03  2.98000E+02  0.00000E+00
 3.79394E-03  2.98000E+02  0.00000E+00
 3.85152E-03  2.98000E+02  0.00000E+00
 3.91046E-03  2.98000E+02  0.00000E+00
 3.97090E-03  2.98000E+02  0.00000E+00
 4.03296E-03  2.98000E+02  0.00000E+00
 4.09674E-03  2.98000E+02  0.00000E+00
 4.16146E-03  2.98000E+02  0.00000E+00
 4.22804E-03  2.98000E+02  0.00000E+00
 4.29659E-03  2.98000E+02  0.00000E+00
 4.36729E-03  2.98000E+02  0.00000E+00
 4.44031E-03  2.98000E+02  0.00000E+00
 4.51576E-03  2.98000E+02  0.00000E+00
 4.59281E-03  2.98000E+02  0.00000E+00
 4.67263E-03  2.98000E+02  0.00000E+00
 4.75544E-03  2.98000E+02  0.00000E+00
 4.84154E-03  2.98000E+02  0.00000E+00
 4.93127E-03  2.98000E+02  0.00000E+00
 5.02504E-03  2.98000E+02  0.00000E+00
 5.12155E-03  2.98000E+02  0.00000E+00
 5.22266E-03  2.98000E+02  0.00000E+00
 5.32895E-03  2.98000E+02  0.00000E+00
 5.44105E-03  2.98000E+02  0.00000E+00
 5.55960E-03  2.98000E+02  0.00000E+00
 5.68388E-03  2.98000E+02  0.00000E+00
 5.81905E-03  2.98000E+02  0.00000E+00
 5.96005E-03  2.98000E+02  0.00000E+00
 6.11196E-03  2.98000E+02  0.00000E+00
 6.27686E-03  2.98000E+02  0.00000E+00
 6.45757E-03  2.98000E+02  0.00000E+00
 6.65822E-03  2.98000E+02  0.00000E+00
 6.88071E-03  2.98000E+02  0.00000E+00
 7.12904E-03  2.98000E+02  0.00000E+00
 7.41092E-03  2.98000E+02  0.00000E+00
 7.75412E-03  2.98000E+02  0.00000E+00
 8.15247E-03  2.98000E+02  0.00000E+00
 8.75867E-03  2.98000E+02  0.00000E+00
 9.52495E-03  2.98000E+02  0.00000E+00
 1.10805E-02  2.98000E+02  0.00000E+00
 1.43562E-02  2.98000E+02  0.00000E+00
 1.56941E-02  2.98000E+02  0.00000E+00
 1.19224E-01  2.98000E+02  0.00000E+00
 1.00000E+03  2.98000E+02  0.00000E+00
 1.00000E+03  2.98000E+02  0.00000E+00
