 0.00000E+00  1.99800E+03  0.00000E+00
 0.00000E+00  1.99800E+03  0.00000E+00
 0.00000E+00  2.98000E+02  0.00000E+00
 1.18964E-07  2.98000E+02  0.00000E+00
 6.19435E-07  2.98000E+02  0.00000E+00
 1.21641E-06  2.98000E+02  0.00000E+00
 1.84149E-06  2.98000E+02  0.00000E+00
 2.66567E-06  2.98000E+02  0.00000E+00
 3.99219E-06  2.98000E+02  0.00000E+00
 4.79280E-06  2.98000E+02  0.00000E+00
 6.21955E-06  2.98000E+02  0.00000E+00
 7.75532E-06  2.98000E+02  0.00000E+00
 9.28182E-06  2.98000E+02  0.00000E+00
 1.08481E-05  2.98000E+02  0.00000E+00
 1.24872E-05  2.98000E+02  0.00000E+00
 1.41418E-05  2.98000E+02  0.00000E+00
 1.58326E-05  2.98000E+02  0.00000E+00
 1.75274E-05  2.98000E+02  0.00000E+00
 1.92475E-05  2.98000E+02  0.00000E+00
 2.09837E-05  2.98000E+02  0.00000E+00
 2.27570E-05  2.98000E+02  0.00000E+00
 2.45637E-05  2.98000E+02  0.00000E+00
 2.64210E-05  2.98000E+02  0.00000E+00
 2.83267E-05  2.98000E+02  0.00000E+00
 3.02936E-05  2.98000E+02  0.00000E+00
 3.23193E-05  2.98000E+02  0.00000E+00
 3.44140E-05  2.98000E+02  0.00000E+00
 3.65744E-05  2.98000E+02  0.00000E+00
 3.88090E-05  2.98000E+02  0.00000E+00
 4.11182E-05  2.98000E+02  0.00000E+00
 4.35078E-05  2.98000E+02  0.00000E+00
 4.59764E-05  2.98000E+02  0.00000E+00
 4.85291E-05  2.98000E+02  0.00000E+00
 5.11775E-05  2.98000E+02  0.00000E+00
 5.39134E-05  2.98000E+02  0.00000E+00
 5.66994E-05  2.98000E+02  0.00000E+00
 5.95793E-05  2.98000E+02  0.00000E+00
 6.25460E-05  2.98000E+02  0.00000E+00
 6.56151E-05  2.98000E+02  0.00000E+00
 6.87946E-05  2.98000E+02  0.00000E+00
 7.21143E-05  2.98000E+02  0.00000E+00
 7.56094E-05  2.98000E+02  0.00000E+00
 7.93048E-05  2.98000E+02  0.00000E+00
 8.32002E-05  2.98000E+02  0.00000E+00
 8.72894E-05  2.98000E+02  0.00000E+00
 9.16024E-05  2.98000E+02  0.00000E+00
 9.61328E-05  2.98000E+02  0.00000E+00
 1.00896E-04  2.98000E+02  0.00000E+00
 1.05960E-04  2.98000E+02  0.00000E+00
 1.11344E-04  2.98000E+02  0.00000E+00
 1.17063E-04  2.98000E+02  0.00000E+00
 1.23153E-04  2.98000E+02  0.00000E+00
 1.29699E-04  2.98000E+02  0.00000E+00
 1.36676E-04  2.98000E+02  0.00000E+00
 1.43999E-04  2.98000E+02  0.00000E+00
 1.51659E-04  2.98000E+02  0.00000E+00
 1.59697E-04  2.98000E+02  0.00000E+00
 1.68113E-04  2.98000E+02  0.00000E+00
 1.76930E-04  2.98000E+02  0.00000E+00
 1.86159E-04  2.98000E+02  0.00000E+00
 1.95831E-04  2.98000E+02  0.00000E+00
 2.05926E-04  2.98000E+02  0.00000E+00
 2.16493E-04  2.98000E+02  0.00000E+00
 2.27532E-04  2.98000E+02  0.00000E+00
 2.39069E-04  2.98000E+02  0.00000E+00
 2.51154E-04  2.98000E+02  0.00000E+00
 2.63797E-04  2.98000E+02  0.00000E+00
 2.77032E-04  2.98000E+02  0.00000E+00
 2.90914E-04  2.98000E+02  0.00000E+00
 3.05453E-04  2.98000E+02  0.00000E+00
 3.20695E-04  2.98000E+02  0.00000E+00
 3.36685E-04  2.98000E+02  0.00000E+00
 3.53442E-04  2.98000E+02  0.00000E+00
 3.71034E-04  2.98000E+02  0.00000E+00
 3.89503E-04  2.98000E+02  0.00000E+00
 4.08896E-04  2.98000E+02  0.00000E+00
 4.29296E-04  2.98000E+02  0.00000E+00
 4.50747E-04  2.98000E+02  0.00000E+00
 4.73323E-04  2.98000E+02  0.00000E+00
 4.97156E-04  2.98000E+02  0.00000E+00
 5.22290E-04  2.98000E+02  0.00000E+00
 5.48816E-04  2.98000E+02  0.00000E+00
 5.76936E-04  2.98000E+02  0.00000E+00
 6.06695E-04  2.98000E+02  0.00000E+00
 6.38232E-04  2.98000E+02  0.00000E+00
 6.71856E-04  2.98000E+02  0.00000E+00
 7.07633E-04  2.98000E+02  0.00000E+00
 7.45788E-04  2.98000E+02  0.00000E+00
 7.86723E-04  2.98000E+02  0.00000E+00
 8.30508E-04  2.98000E+02  0.00000E+00
 8.77685E-04  2.98000E+02  0.00000E+00
 9.28951E-04  2.98000E+02  0.00000E+00
 9.84474E-04  2.98000E+02  0.00000E+00
 1.04517E-03  2.98000E+02  0.00000E+00
 1.11194E-03  2.98000E+02  0.00000E+00
 1.18602E-03  2.98000E+02  0.00000E+00
 1.26882E-03  2.98000E+02  0.00000E+00
 1.34877E-03  2.98000E+02  0.00000E+00
 1.43645E-03  2.98000E+02  0.00000E+00
 1.53503E-03  2.98000E+02  0.00000E+00
 1.61541E-03  2.98000E+02  0.00000E+00
 1.70513E-03  2.98000E+02  0.00000E+00
 1.78904E-03  2.98000E+02  0.00000E+00
 1.88530E-03  2.98000E+02  0.00000E+00
 1.99358E-03  2.98000E+02  0.00000E+00
 2.08201E-03  2.98000E+02  0.00000E+00
 2.16246E-03  2.98000E+02  0.00000E+00
 2.23021E-03  2.98000E+02  0.00000E+00
 2.29343E-03  2.98000E+02  0.00000E+00
 2.35215E-03  2.98000E+02  0.00000E+00
 2.40862E-03  2.98000E+02  0.00000E+00
 2.46328E-03  2.98000E+02  0.00000E+00
 2.51478E-03  2.98000E+02  0.00000E+00
 2.56559E-03  2.98000E+02  0.00000E+00
 2.61510E-03  2.98000E+02  0.00000E+00
 2.66389E-03  2.98000E+02  0.00000E+00
 2.71128E-03  2.98000E+02  0.00000E+00
 2.75835E-03  2.98000E+02  0.00000E+00
 2.80515E-03  2.98000E+02  0.00000E+00
 2.85182E-03  2.98000E+02  0.00000E+00
 2.89833E-03  2.98000E+02  0.00000E+00
 2.94475E-03  2.98000E+02  0.00000E+00
 2.99122E-03  2.98000E+02  0.00000E+00
 3.03819E-03  2.98000E+02  0.00000E+00
 3.07345E-03  2.98000E+02  0.00000E+00
 3.12597E-03  2.98000E+02  0.00000E+00
 3.16509E-03  2.98000E+02  0.00000E+00
 3.21438E-03  2.98000E+02  0.00000E+00
 3.26110E-03  2.98000E+02  0.00000E+00
 3.30842E-03  2.98000E+02  0.00000E+00
 3.34817E-03  2.98000E+02  0.00000E+00
 3.39812E-03  2.98000E+02  0.00000E+00
 3.44597E-03  2.98000E+02  0.00000E+00
 3.49053E-03  2.98000E+02  0.00000E+00
 3.53788E-03  2.98000E+02  0.00000E+00
 3.57901E-03  2.98000E+02  0.00000E+00
 3.63381E-03  2.98000E+02  0.00000E+00
 3.67558E-03  2.98000E+02  0.00000E+00
 3.72792E-03  2.98000E+02  0.00000E+00
 3.77875E-03  2.98000E+02  0.00000E+00
 3.82228E-03  2.98000E+02  0.00000E+00
 3.87566E-03  2.98000E+02  0.00000E+00
 3.91942E-03  2.98000E+02  0.00000E+00
 3.97440E-03  2.98000E+02  0.00000E+00
 4.02793E-03  2.98000E+02  0.00000E+00
 4.06883E-03  2.98000E+02  0.00000E+00
 4.12994E-03  2.98000E+02  0.00000E+00
 4.18509E-03  2.98000E+02  0.00000E+00
 4.24091E-03  2.98000E+02  0.00000E+00
 4.29709E-03  2.98000E+02  0.00000E+00
 4.35398E-03  2.98000E+02  0.00000E+00
 4.41179E-03  2.98000E+02  0.00000E+00
 4.47055E-03  2.98000E+02  0.00000E+00
 4.53025E-03  2.98000E+02  0.00000E+00
 4.59113E-03  2.98000E+02  0.00000E+00
 4.65249E-03  2.98000E+02  0.00000E+00
 4.71497E-03  2.98000E+02  0.00000E+00
 4.77853E-03  2.98000E+02  0.00000E+00
 4.84321E-03  2.98000E+02  0.00000E+00
 4.90913E-03  2.98000E+02  0.00000E+00
 4.97643E-03  2.98000E+02  0.00000E+00
 5.04435E-03  2.98000E+02  0.00000E+00
 5.11358E-03  2.98000E+02  0.00000E+00
 5.18436E-03  2.98000E+02  0.00000E+00
 5.25678E-03  2.98000E+02  0.00000E+00
 5.33083E-03  2.98000E+02  0.00000E+00
 5.40681E-03  2.98000E+02  0.00000E+00
 5.48371E-03  2.98000E+02  0.00000E+00
 5.56255E-03  2.98000E+02  0.00000E+00
 5.64338E-03  2.98000E+02  0.00000E+00
 5.72633E-03  2.98000E+02  0.00000E+00
 5.81170E-03  2.98000E+02  0.00000E+00
 5.89954E-03  2.98000E+02  0.00000E+00
 5.98883E-03  2.98000E+02  0.00000E+00
 6.08074E-03  2.98000E+02  0.00000E+00
 6.17573E-03  2.98000E+02  0.00000E+00
 6.27346E-03  2.98000E+02  0.00000E+00
 6.37446E-03  2.98000E+02  0.00000E+00
 6.47923E-03  2.98000E+02  0.00000E+00
 6.58768E-03  2.98000E+02  0.00000E+00
 6.70068E-03  2.98000E+02  0.00000E+00
 6.81640E-03  2.98000E+02  0.00000E+00
 6.93716E-03  2.98000E+02  0.00000E+00
 7.06346E-03  2.98000E+02  0.00000E+00
 7.19555E-03  2.98000E+02  0.00000E+00
 7.33407E-03  2.98000E+02  0.00000E+00
 7.47980E-03  2.98000E+02  0.00000E+00
 7.63352E-03  2.98000E+02  0.00000E+00
 7.79627E-03  2.98000E+02  0.00000E+00
 7.96818E-03  2.98000E+02  0.00000E+00
 8.15372E-03  2.98000E+02  0.00000E+00
 8.35327E-03  2.98000E+02  0.00000E+00
 8.56460E-03  2.98000E+02  0.00000E+00
 8.79446E-03  2.98000E+02  0.00000E+00
 9.04780E-03  2.98000E+02  0.00000E+00
 9.32741E-03  2.98000E+02  0.00000E+00
 9.64664E-03  2.98000E+02  0.00000E+00
 1.00114E-02  2.98000E+02  0.00000E+00
 1.04402E-02  2.98000E+02  0.00000E+00
 1.09393E-02  2.98000E+02  0.00000E+00
 1.15623E-02  2.98000E+02  0.00000E+00
 1.24251E-02  2.98000E+02  0.00000E+00
 1.38570E-02  2.98000E+02  0.00000E+00
 1.81009E-02  2.98000E+02  0.00000E+00
 1.83917E-02  2.98000E+02  0.00000E+00
 3.32580E-02  2.98000E+02  0.00000E+00
 1.00000E+03  2.98000E+02  0.00000E+00
 1.00000E+03  2.98000E+02  0.00000E+00
